4063746557
3405478023
1107503959
2462094582
3132018371
785871312
2470789092
1155553409
3725691937
2841533692
507831762
3839235111
3324688267
3501826659
1191909075
2924118844
1510127827
1231190941
833498625
1973239773
4209391857
67324305
1228565532
1740111161
1605571702
1095936012
4346043605
309638698
2849579951
2798933027
1974978502
463565518
165771411
3406580789
3408823694
1320825972
2753460758
4305794274
2558324783
32809177
1605571702
1539430909
583211315
4129232493
3151705268
1565082486
1067979012
1573056918
373480339
4068083373
3185536572
4192443328
2810252992
309397309
2305578071
2835341923
2284167367
4481107530
2198998097
4021377616
4040212787
198800487
3128406709
3234270286
3107059660
4363768116
1553495060
3051384537
1919372420
2930984591
1818359337
990738869
3448644479
357818791
4246396975
1806780586
2087714518
3712617207
583211315
4481107530
1619208123
3815482749
1209696565
1190932666
3334519537
3522229004
1890063567
2255235934
903406192
2256478427
1659872380
733025408
3096685767
4477990112
357818791
1466571317
3408823694
3052610569
3935862101
3684288026
2914758010
1984229582
2549680507
1387303139
2810252992
1914922389
1078434394
1581791150
2841533692
3801891687
2174941619
4139986354
243347710
1169520365
1466571317
1586639710
2852036567
2604754908
3529913740
3166685447
4115003021
4281691020
290266622
2921565822
270183908
2943393002
1346534288
4031695483
1945955027
1430054197
4540488320
3348891311
777571762
3667220778
2418595300
788944805
189345665
3070187385
2367591123
315477378
1006125662
2813358551
3007900611
291926072
1006125662
2813358551
3007900611
4392759047
1307201935
2813358551
653879950
1587322339
736863200
364573296
1205984158
1155553409
3725691937
2841533692
507831762
3839235111
1233561451
1023440267
2822140258
2625332313
1676302529
2924435138
537655637
4230132916
4230517474
3410925669
2952954379
3506111725
957371262
1288282794
504806803
4066928484
2966297677
681798803
1605571702
4370900466
3459263769
357818791
4121784659
877259465
1758005240
4269867791
357818791
1466571317
4106913532
888186454
2129203445
3007900611
3836840850
2248292036
4191945355
3089917368
270183908
899306461
3790263999
587919813
90109898
4208086516
274655373
874077998
2220428037
2832463164
2541446389
1979027755
3373279850
3004675446
242596663
439528656
4377777884
55034970
3675849729
955121407
974996587
3522229004
1694218325
2659093507
1865432112
3224789705
245975477
165771411
1876780866
3256263671
2415681644
842560094
4036924743
4084944997
3836840850
1025371574
3936680459
3541617688
1212456584
245038952
459221754
2790279139
3142879922
255216601
3836840850
2816397280
1366661494
1624332682
3872214269
15450014
1460825922
1117281238
3506111725
1307201935
2813358551
653879950
1668372465
957061589
1844974817
1726366016
4153379488
1482613037
1461148327
1865432112
180710836
1826295134
2659093507
2156220566
357818791
1466571317
857614806
408568544
1227328551
4245688628
3153038991
2649771080
1726366016
4128540213
2107050448
2595335806
2819461204
921811984
4306217567
4062896844
4129232493
2625332313
1391930467
1799811048
2125320721
550949241
1973239773
4040212787
1518240688
1056913496
2882795065
504806803
3890657147
3298888479
1921761139
2799582263
3044726025
73682988
2056103581
2532953832
242596663
1000151803
2914758010
3601275274
1372339747
3939988158
186203928
2966838036
1050934251
2080555088
550949241
4364301883
2633199693
4425603867
3241037313
3944384178
2446205912
2051826921
4021377616
2886822911
404275806
327277835
2604754908
3994965998
2830794102
3791151486
2604754908
3994965998
2830794102
1912946185
1169520365
2458180151
1068570011
662081180
4230517474
3410925669
2952954379
3506111725
957371262
1288282794
504806803
4066928484
2966297677
4257727271
2959715718
4383013205
2790279139
4512119862
3334338014
2914758010
558597675
2900130219
4481107530
2198998097
4129232493
4269867791
357818791
1466571317
4106913532
3923014060
2020028029
3828636828
3168135886
3987512108
2900130219
3836840850
1053970397
1331015854
402173095
202465167
2640751226
3200358661
2991692370
3833718312
2790279139
1332026209
144923845
927705774
334318873
854009024
1605571702
1382833350
1646057394
1590666851
2835914295
4366510321
2293317999
2448145112
3251319015
2400716746
1973239773
2212439599
4234922977
3592698224
3606891038
3531160678
3178268835
3988381817
2889869784
1618752810
2100369276
4233532074
3706907245
4461439924
1110290224
2608688431
3405478023
1231889937
4193454183
2156220566
3408823694
3052610569
3888185268
1979920550
1742912160
1283830375
1129148421
64609592
4454713635
4062896844
1973239773
4040212787
1998103274
3597239209
478736955
309897567
73682988
3578229318
2756456784
3928392649
2256478427
1386759949
2256478427
2420826202
4129232493
2401490444
1587322339
736863200
364573296
1205984158
1155553409
3725691937
2841533692
507831762
3839235111
4520937174
