3664294877

189292393
3966174075
953033624
2657989497
1717688696
3068878611
2481075956
1928988318
2155835965
1866784853
2987479602
3206211143
2900262768
1600961659
1719047511
53279483
2324980738
2397083304
921710329
1096706795
741326850
1116726977
3899062831
2383230170
305469641
2849185329
826908063
3405004020
802290139
4252228248
31865349
394871471
4021579398
2215836021
1710051057
1589777983
1961515834
3438268901
2325154971
500927943
305469641
2539249238
1311622949
1598945838
362856529
1027687256
1584941799
2597690931
1174466769
4157002139
666648532
1746630875
4204315469
3487832866
2287417409
619484260
2314324608
4274771674
1090359139
1582817300
144142935
4008908417
305721866
208770212
2780495840
3724585537
3334628992
2499224597
1643972155
2932778791
4145874821
3908083630
1316065145
1287139373
2153110158
3234980058
3273767582
1485307742
1311622949
4274771674
4293985109
511016550
1034135281
1919746788
1053229638
3260816943
411176325
2322530083
546144688
2822092485
1889140907
1797815613
2865293750
1591692100
1287139373
602675860
1710051057
2599683698
363974594
1689978761
3581102913
4033865902
258021515
1823211591
4204315469
3865419317
3259123470
3185594209
1866784853
85923636
1145042059
3559339862
965225485
3683317632
602675860
793971041
3702161937
2879618748
1191849664
3486577997
281956488
1740380963
2142308256
566668420
795501774
4015662699
2159308658
3894760289
2793475809
200539588
2227221764
3342283626
552601377
2636215723
3610906049
2673371560
3206134023
551384512
1245018870
14740318
1975988593
1436418271
171819486
4152359864
1975988593
1436418271
171819486
4137601549
237286569
1436418271
639029629
1680787066
852844515
1795312743
3120930498
1928988318
2155835965
1866784853
2987479602
3206211143
2759148207
3485174996
3324841989
149964717
3813343389
2661114899
3324999066
2667687652
157643738
1744406308
1693843180
1403738275
3448949693
404032775
409771552
1304370730
1973571138
594380675
305469641
2338997526
4159377022
1287139373
3494319499
1470193050
49717233
1649860883
1287139373
602675860
221158031
654446247
2284361191
171819486
3785991156
3876861657
740779704
2539614431
795501774
1955705930
2476944517
3345208022
4071002941
2585564661
793772600
1565540078
3511345542
4051123741
2569180491
2653043817
720684270
3618670844
2574191257
2504147761
2715098800
3127775875
3027863273
1661164744
743014438
3260816943
436603978
297530183
1594369703
3693720950
2473881459
4021579398
3097571515
1952084081
2855936544
1111574372
4215346873
2832836069
3785991156
2382508981
885308424
3690107161
935099933
3735976473
2331648307
1421793088
3016566243
3014017579
3785991156
3227998888
525857376
1250304475
1947388470
1738065535
1023678995
1797640049
1403738275
237286569
1436418271
639029629
4127753006
1144116729
2957643484
4130030677
2142140609
3970566168
1864186424
1594369703
3219999787
1521150856
297530183
2248990539
1287139373
602675860
3236954741
3467240678
1013581784
4222330240
2973048013
3009106499
4130030677
2098172174
3615497016
3698152319
1391597534
1195927455
2199691502
851865203
1598945838
149964717
1497900551
3803276003
2900136770
4175127208
1096706795
144142935
3482562078
4026998248
3031788007
409771552
2105708243
672815196
3325757349
4174198530
2795262898
3978141430
743361785
1127573307
2574191257
106407892
3581102913
964712929
4169841621
360352745
2261928478
3470433626
440719504
417486024
4175127208
4074621218
2980921994
2080222138
3101099184
4126793843
2903639980
3941670341
1582817300
3099424858
3101352434
2706654202
2879618748
2983021464
942586911
3139873055
2879618748
2983021464
942586911
636075222
3683317632
1635637608
779753111
165633810
157643738
1744406308
1693843180
1403738275
3448949693
404032775
409771552
1304370730
1973571138
3175357064
995148415
3979342330
1421793088
1326448340
52170570
3581102913
3128873427
2981932226
4274771674
1090359139
1598945838
1649860883
1287139373
602675860
221158031
3158244080
1666735750
325684639
3981033869
2054600269
2981932226
3785991156
2990008767
437932586
3460546493
1667787779
1429312729
1618391488
3014872770
2939275007
1421793088
3297570433
2686938033
488309401
2848965207
2143609280
305469641
4285653907
4266832216
1146349855
3945962978
345471142
3960462911
2790695363
505798583
2467105585
1096706795
2074247517
856473593
1038643561
1274788943
3355813090
2925622651
908561956
3452181968
2785894790
949198185
1902675083
1500963609
2607111191
3543689021
27713462
3966174075
2812941802
3012271687
2248990539
1710051057
2599683698
4205255216
3265375391
1719892427
1677241362
2260897305
1037101109
3243513632
851865203
1096706795
144142935
978764245
3569249766
2237337558
3178616405
3978141430
50781847
2325968356
580055827
2822092485
3820677153
2822092485
3431091331
1598945838
2653762550
1680787066
852844515
1795312743
3120930498
1928988318
2155835965
1866784853
2987479602
3206211143
691587334
